$ ./a.exe 
 (0 3) (0 3)
   (0 1) (1 3)
     (0 0) (2 3)
     (0 1) (1 1)
       (0 0) (1 1)
   (0 3) (0 0)
     (0 1) (0 0)
Found at (0 0)
**********************
 (0 3) (0 3)
   (0 1) (1 3)
     (0 0) (2 3)
     (0 1) (1 1)
Found at (0 1)
   (0 3) (0 0)
     (0 1) (0 0)
       (0 0) (0 0)
       (1 1) (0 0)
     (2 3) (0 0)
       (2 2) (0 0)
**********************
 (0 3) (0 3)
   (0 1) (1 3)
Found at (0 2)
   (2 3) (0 3)
     (2 2) (1 3)
       (2 2) (2 3)
       (2 2) (1 1)
     (3 3) (0 3)
       (3 3) (1 3)
         (3 3) (2 3)
         (3 3) (1 1)
       (3 3) (0 0)
**********************
 (0 3) (0 3)
   (0 1) (1 3)
     (0 0) (2 3)
Found at 2 (0 3)
     (1 1) (1 3)
       (1 1) (2 3)
   (2 3) (0 3)
     (2 2) (1 3)
       (2 2) (2 3)
     (3 3) (0 3)
       (3 3) (1 3)
         (3 3) (2 3)
**********************
 (0 3) (0 3)
   (0 1) (1 3)
     (0 0) (2 3)
     (0 1) (1 1)
       (0 0) (1 1)
   (0 3) (0 0)
Found at (1 0)
**********************
 (0 3) (0 3)
Found at (1 1)
**********************
 (0 3) (0 3)
   (0 1) (1 3)
     (0 0) (2 3)
     (1 1) (1 3)
Found at (1 2)
   (2 3) (0 3)
     (2 2) (1 3)
       (2 2) (2 3)
       (2 2) (1 1)
     (3 3) (0 3)
       (3 3) (1 3)
         (3 3) (2 3)
         (3 3) (1 1)
**********************
 (0 3) (0 3)
   (0 1) (1 3)
     (0 0) (2 3)
     (1 1) (1 3)
       (1 1) (2 3)
Found at 2 (1 3)
   (2 3) (0 3)
     (2 2) (1 3)
       (2 2) (2 3)
     (3 3) (0 3)
       (3 3) (1 3)
         (3 3) (2 3)
**********************
 (0 3) (0 3)
   (0 1) (1 3)
     (0 0) (2 3)
     (0 1) (1 1)
       (0 0) (1 1)
       (1 1) (1 1)
   (2 3) (0 3)
     (2 2) (1 3)
       (2 2) (2 3)
       (2 2) (1 1)
     (2 3) (0 0)
Found at (2 0)
**********************
 (0 3) (0 3)
   (0 1) (1 3)
     (0 0) (2 3)
     (0 1) (1 1)
       (0 0) (1 1)
       (1 1) (1 1)
   (2 3) (0 3)
Found at (2 1)
**********************
 (0 3) (0 3)
   (0 1) (1 3)
     (0 0) (2 3)
     (1 1) (1 3)
       (1 1) (2 3)
   (2 3) (0 3)
     (2 2) (1 3)
Found at (2 2)
     (3 3) (0 3)
       (3 3) (1 3)
         (3 3) (2 3)
         (3 3) (1 1)
**********************
 (0 3) (0 3)
   (0 1) (1 3)
     (0 0) (2 3)
     (1 1) (1 3)
       (1 1) (2 3)
   (2 3) (0 3)
     (2 2) (1 3)
       (2 2) (2 3)
Found at 2 (2 3)
     (3 3) (0 3)
       (3 3) (1 3)
         (3 3) (2 3)
**********************
 (0 3) (0 3)
   (0 1) (1 3)
     (0 0) (2 3)
     (1 1) (1 3)
       (1 1) (2 3)
       (1 1) (1 1)
   (2 3) (0 3)
     (2 2) (1 3)
       (2 2) (2 3)
       (2 2) (1 1)
     (3 3) (0 3)
       (3 3) (1 3)
         (3 3) (2 3)
         (3 3) (1 1)
       (3 3) (0 0)
Found at (3 0)
**********************
 (0 3) (0 3)
   (0 1) (1 3)
     (0 0) (2 3)
     (1 1) (1 3)
       (1 1) (2 3)
       (1 1) (1 1)
   (2 3) (0 3)
     (2 2) (1 3)
       (2 2) (2 3)
       (2 2) (1 1)
     (3 3) (0 3)
Found at (3 1)
**********************
 (0 3) (0 3)
   (0 1) (1 3)
     (0 0) (2 3)
     (1 1) (1 3)
       (1 1) (2 3)
   (2 3) (0 3)
     (2 2) (1 3)
       (2 2) (2 3)
     (3 3) (0 3)
       (3 3) (1 3)
Found at (3 2)
**********************
 (0 3) (0 3)
   (0 1) (1 3)
     (0 0) (2 3)
     (1 1) (1 3)
       (1 1) (2 3)
   (2 3) (0 3)
     (2 2) (1 3)
       (2 2) (2 3)
     (3 3) (0 3)
       (3 3) (1 3)
         (3 3) (2 3)
Found at 2 (3 3)
**********************
